SCMBranch=TNG
SCMRepository=TNG/TNG.AutomatedTests/ESSRegTest/src/PageObject
SCMMainlineUUID={4666938e-e4f8-4aaa-8323-5f5a7fd99a8b}
SCMBranchRepositoryID=13096
PageObj_UserSideMenu.java;1234087169;2;1515044539;|41864|75416
PageObj_ApplyForLeave.java;1696869984;4;1515560846;|41855|75473
PageObj_Workflows.java;703814385;1;1515987559;|41875|4294967295
PageObj_RedirectedApprovers.java;3270327886;1;1515988018;|41878|4294967295
PageObj_UserHeader.java;2511004098;1;1519186881;|43206|4294967295
PageObj_SearchResult.java;3180988512;1;1519186315;|43208|4294967295
PageFac_ContactDetail.java;586309418;7;1522396430;|41870|78349
PageObj_Approvals.java;3945761690;5;1522461326;|41871|78350
PageObj_Dashboard.java;2732747540;18;1522906260;|41856|78351
PageObj_Employment.java;2254515324;2;1521689350;|43220|78352
PageObj_ESSHome.java;1664875381;4;1522982234;|41857|78353
PageObj_Integration.java;2675812094;6;1523411780;|41858|78354
PageObj_Leave.java;2823884222;6;1521610972;|41859|78355
PageObj_NavigationBar.java;3868544109;5;1523016372;|41860|78356
PageObj_PersonalInfo.java;2665906067;5;1522280344;|43160|78357
PageObj_Roles.java;2906518932;8;1522113410;|41877|78358
PageObj_SettingsLeave.java;326085370;2;1523343592;|41876|78359
PageObj_SideNavigationBar.java;3265962945;4;1522820326;|43207|78360
PageObj_Superannuation.java;603320291;2;1521606078;|43221|78361
PageObj_Teams.java;3775370627;30;1523105612;|41872|78362
PageObj_UserBanner.java;1877313944;1;1521502404;|43288|4294967295
PageObj_ForgotPassword.java;3784908871;1;1522982234;|43289|4294967295
PageObj_ESSResetPassword.java;1430870706;1;1522989270;|43290|4294967295
PageObj_ESSActivation.java;4218701530;1;1521426616;|43291|4294967295
PageObj_ContactDetail.java;1021486599;1;1521607506;|43292|4294967295
PageObj_BankAccounts.java;2808030286;1;1521599060;|43293|4294967295
PageObj_AccountSettings.java;2861854516;1;1523257566;|43294|4294967295
